1,355116.087,4611013.921,690.153,EXI I
2,355186.531,4611012.630,689.123,EXI 
3,355244.081,4611011.576,690.156,EXI
4,355313.561,4611010.303,691.150,EXI
5,355366.818,4611010.303,700.156,EXI
6,355451.638,4611007.773,690.153,EXI
7,355506.617,4611006.765,689.123,EXI
8,355548.767,4611005.993,690.156,EXI
9,355115.812,4610998.924,691.150,CAI I
10,355186.256,4610997.633,700.156,CAI 
11,355243.806,4610996.578,690.153,CAI 
12,355313.424,4610995.303,689.123,CAI 
13,355366.594,4610995.303,690.156,CAI 
14,355451.277,4610992.777,691.150,CAI 
15,355506.342,4610991.768,700.156,CAI 
16,355548.492,4610990.996,690.153,CAI 
17,355530.266,4610998.994,689.123,TO
18,355149.273,4611006.080,690.156,TO
19,355115.262,4610968.929,691.150,CAD I
20,355185.706,4610967.638,700.156,CAD
21,355243.257,4610966.583,690.153,CAD
22,355313.149,4610965.303,689.123,CAD
23,355366.147,4610965.303,690.156,CAD
24,355450.555,4610962.785,691.150,CAD
25,355505.792,4610961.773,700.156,CAD
26,355547.942,4610961.001,690.153,CAD
27,355114.987,4610953.931,689.123,EXD I
28,355185.432,4610952.640,690.156,EXD 
29,355242.982,4610951.586,691.150,EXD 
30,355313.012,4610950.303,700.156,EXD 
31,355320.595,4610956.893,690.153,TO
32,355365.923,4610950.303,689.123,EXD 
33,355450.194,4610947.789,690.156,EXD 
34,355505.517,4610946.776,691.150,EXD 
35,355547.667,4610946.003,700.156,EXD 
36,355584.533,4610960.330,690.153,CAD
37,355623.157,4610959.622,689.123,CAD
38,355677.772,4610958.622,690.156,CAD
39,355716.396,4610957.914,691.150,CAD
40,355754.367,4610957.218,700.156,CAD
41,355804.309,4610956.303,690.153,CAD
42,355845.609,4610955.547,689.123,CAD
43,355902.862,4610954.498,690.156,CAD
44,355941.474,4610953.790,691.150,CAD
45,355951.276,4610945.638,700.156,TO
46,355584.258,4610945.333,690.153,EXD
47,355622.883,4610944.625,689.123,EXD
48,355677.497,4610943.624,690.156,EXD
49,355716.121,4610942.917,691.150,EXD
50,355754.092,4610942.221,700.156,EXD
51,355804.034,4610941.306,690.153,EXD
52,355845.334,4610940.549,689.123,EXD
53,355902.587,4610939.500,690.156,EXD
54,355941.199,4610938.793,691.150,EXD
55,355645.731,4610950.223,700.156,TO
56,355585.357,4611005.323,690.153,EXI
57,355623.982,4611004.615,689.123,EXI
58,355678.596,4611003.614,690.156,EXI
59,355717.221,4611002.907,691.150,EXI
60,355755.192,4611002.211,700.156,EXI
61,355805.133,4611001.296,690.153,EXI
62,355846.433,4611000.539,689.123,EXI
63,355903.686,4610999.490,690.156,EXI
64,355942.298,4610998.783,691.150,EXI
65,355991.615,4610997.879,700.156,EXI
66,356047.044,4610996.863,690.153,EXI
67,356101.922,4610995.858,689.123,EXI
68,356148.297,4610995.008,690.156,EXI
69,356130.935,4610987.322,691.150,TO
70,355585.082,4610990.325,700.156,CAI
71,355623.707,4610989.618,690.153,CAI
72,355678.321,4610988.617,689.123,CAI
73,355716.946,4610987.909,690.156,CAI
74,355754.917,4610987.213,691.150,CAI
75,355804.859,4610986.298,700.156,CAI
76,355846.158,4610985.542,690.153,CAI
77,355903.411,4610984.493,689.123,CAI
78,355942.023,4610983.785,690.156,CAI
79,355991.341,4610982.882,691.150,CAI
80,356046.770,4610981.866,700.156,CAI
81,356101.647,4610980.860,690.153,CAI
82,356148.022,4610980.011,689.123,CAI
83,355820.805,4610993.575,690.156,TO
84,356196.723,4610994.121,691.150,EXI
85,356220.576,4610993.684,700.156,EXI
86,356262.186,4610992.921,690.153,EXI
87,356295.498,4610992.311,689.123,EXI
88,356321.511,4610991.834,690.156,EXI
89,356354.131,4610991.237,691.150,EXI
90,356388.120,4610990.614,700.156,EXI
91,356418.078,4610990.065,690.153,EXI
92,356447.395,4610989.528,689.123,EXI
93,356478.018,4610988.967,690.156,EXI
94,356501.319,4610988.540,691.150,EXI
95,356524.607,4610988.113,700.156,EXI
96,356556.574,4610987.527,690.153,EXI
97,356592.630,4610986.867,689.123,EXI
98,356196.448,4610979.123,690.156,CAI
99,356220.302,4610978.686,691.150,CAI
100,356261.911,4610977.924,700.156,CAI
101,356295.224,4610977.314,690.153,CAI
102,356321.236,4610976.837,689.123,CAI
103,356353.857,4610976.239,690.156,CAI
104,356387.845,4610975.616,691.150,CAI
105,356417.803,4610975.067,700.156,CAI
106,356447.120,4610974.530,690.153,CAI
107,356477.743,4610973.969,689.123,CAI
108,356489.835,4610980.236,690.156,TO
109,356501.044,4610973.542,691.150,CAI
110,356524.332,4610973.116,700.156,CAI
111,356556.299,4610972.530,690.153,CAI
112,356592.356,4610971.869,689.123,CAI
113,355990.791,4610952.887,690.156,CAD
114,356046.220,4610951.871,691.150,CAD
115,356101.098,4610950.865,700.156,CAD
116,356147.472,4610950.016,690.153,CAD
117,356195.899,4610949.128,689.123,CAD
118,356219.752,4610948.691,690.156,CAD
119,356261.361,4610947.929,691.150,CAD
120,356294.674,4610947.318,700.156,CAD
121,356320.686,4610946.842,690.153,CAD
122,356353.307,4610946.244,689.123,CAD
123,356387.296,4610945.621,690.156,CAD
124,356417.254,4610945.072,691.150,CAD
125,356446.570,4610944.535,700.156,CAD
126,356477.194,4610943.974,690.153,CAD
127,356500.494,4610943.547,689.123,CAD
128,356523.783,4610943.121,690.156,CAD
129,356555.750,4610942.535,691.150,CAD
130,356591.806,4610941.874,700.156,CAD
131,355990.516,4610937.889,690.153,EXD
132,356045.945,4610936.873,689.123,EXD
133,356100.823,4610935.868,690.156,EXD
134,356147.198,4610935.018,691.150,EXD
135,355935.031,4611311.000,700.156,ARB
136,356195.624,4610934.131,690.153,EXD
137,356219.477,4610933.694,689.123,EXD
138,356261.086,4610932.931,690.156,EXD
139,356294.399,4610932.321,691.150,EXD
140,356308.509,4610939.802,700.156,TO
141,356320.412,4610931.844,690.153,EXD
142,356353.032,4610931.247,689.123,EXD
143,356387.021,4610930.624,690.156,EXD
144,356416.979,4610930.075,691.150,EXD
145,356446.295,4610929.538,700.156,EXD
146,356476.919,4610928.977,690.153,EXD
147,356500.220,4610928.550,689.123,EXD
148,356523.508,4610928.123,690.156,EXD
149,356555.475,4610927.537,691.150,EXD
150,356591.531,4610926.877,700.156,EXD
151,356570.702,4610935.217,690.153,TO
152,356154.884,4611082.426,689.123,L IC
153,356168.203,4611180.654,690.156,L C
154,356241.458,4611223.941,691.150,L C
155,356305.556,4611306.353,700.156,L C
156,356306.388,4611347.975,690.153,L C
157,356382.140,4611342.148,689.123,L C
158,356412.941,4611268.893,690.156,L C
159,356382.973,4611129.875,691.150,L C
160,356300.561,4611149.854,700.156,L C
161,356284.745,4611069.940,690.153,L C
162,356199.836,4611055.788,689.123,L C
163,356154.884,4611082.426,689.123,L C
164,355764.644,4611347.739,690.156,LEM I
165,355801.298,4611335.805,691.150,LEM 
166,355834.968,4611327.280,700.156,LEM 
167,355896.769,4611317.904,690.153,LEM 
168,356004.600,4611299.577,689.123,LEM 
169,356090.268,4611291.053,690.156,LEM 
170,356164.429,4611280.397,691.150,LEM 
171,356232.622,4611270.168,700.156,LEM 
172,355743.284,4611337.475,690.153,TR MU
173,355751.841,4611366.219,689.123,TR MU
174,355786.290,4611357.004,690.156,TR MU
175,355840.741,4611337.290,691.150,VA I
176,355863.935,4611402.170,700.156,VA 
177,355869.577,4611442.289,690.153,VA 
178,355881.174,4611461.408,689.123,VA 
179,355889.950,4611480.841,690.156,VA 
180,355898.726,4611509.990,691.150,VA 
181,355910.009,4611537.885,700.156,VA 
182,355924.114,4611566.721,690.153,VA 
183,355938.845,4611588.975,689.123,VA 
184,355956.084,4611592.422,690.156,VA 
185,355982.412,4611599.318,691.150,VA 
186,356021.591,4611598.691,700.156,VA 
187,356033.693,4611623.274,690.153,VA 
188,355984.438,4611684.683,689.123,VA 
189,355967.167,4611701.315,690.156,VA 
190,355916.632,4611668.691,691.150,VA 
191,355868.656,4611636.067,700.156,VA 
192,355833.474,4611620.075,690.153,VA 
193,355800.210,4611587.452,689.123,VA 
194,355773.983,4611545.233,690.156,VA 
195,355757.991,4611509.411,691.150,VA 
196,355733.044,4611480.625,700.156,VA 
197,355706.817,4611454.398,690.153,VA 
198,355695.303,4611423.694,689.123,VA 
199,355687.627,4611401.305,690.156,VA 
200,355665.238,4611369.321,691.150,VA 
201,355656.282,4611354.608,700.156,VA 
202,355691.465,4611350.770,690.153,VA 
203,355724.088,4611350.130,689.123,VA 
204,355741.999,4611373.159,690.156,VA 
205,355766.307,4611382.114,691.150,VA 
206,355795.732,4611350.130,700.156,VA 
207,355836.032,4611339.256,690.153,VA 
208,355829.531,4611267.300,689.123,ARB
209,355846.187,4611333.000,690.156,ARB
210,355729.602,4611283.546,691.150,P
211,355779.516,4611009.485,700.156,VA I
212,355785.159,4611066.227,690.153,VA
213,355803.969,4611194.759,689.123,VA
214,355829.675,4611312.946,690.156,VA
215,355777.008,4611326.113,691.150,VA
216,355739.703,4611322.978,700.156,VA
217,355734.373,4611334.264,690.153,VA
218,355701.143,4611338.966,689.123,VA
219,355675.123,4611342.101,690.156,VA
220,355642.082,4611334.016,691.150,VA
221,355636.324,4611270.675,700.156,VA
222,355624.807,4611148.471,690.153,VA
223,355623.528,4611114.562,689.123,VA
224,355618.409,4611076.173,690.156,VA
225,355613.931,4611022.429,691.150,VA
226,355615.210,4611012.832,700.156,VA
227,355778.516,4611009.485,700.156,VA
228,355830.718,4611688.000,690.153,LEA I
229,355912.687,4611646.000,689.123,LEA
230,355960.906,4611602.000,690.156,LEA
231,355995.531,4611555.500,691.150,LEA
232,356033.218,4611518.000,700.156,LEA
233,356097.656,4611435.000,690.153,LEA
234,356168.687,4611380.000,689.123,LEA
235,356125.093,4611348.500,690.156,TX 10 SAN
236,356325.910,4611567.841,691.150,AC I
237,356339.880,4611568.159,700.156,AC
238,356355.276,4611568.159,690.153,AC
239,356374.020,4611567.835,689.123,AC
240,356392.181,4611567.835,690.156,AC
241,356409.886,4611568.152,691.150,AC
242,356426.500,4611567.558,700.156,AC
243,356441.408,4611565.805,690.153,AC
244,356450.526,4611561.246,689.123,AC
245,356459.085,4611554.215,690.156,AC
246,356464.791,4611545.806,691.150,AC
247,356470.055,4611532.975,700.156,AC
248,356472.005,4611511.531,690.153,AC
249,356472.963,4611480.610,689.123,AC
250,356476.188,4611368.200,690.156,AC
251,356476.647,4611306.745,691.150,AC
252,356476.185,4611258.249,700.156,AC
253,356476.648,4611203.555,690.153,AC
254,356477.108,4611153.864,689.123,AC
255,356476.651,4611094.317,690.156,AC
256,356475.217,4611052.866,691.150,AC
257,356474.754,4611010.291,700.156,AC
258,356474.297,4610992.913,690.153,AC
259,356325.853,4611570.341,689.123,AR I
260,356339.852,4611570.659,690.156,AR
261,356355.298,4611570.659,691.150,AR
262,356374.042,4611570.335,700.156,AR
263,356392.159,4611570.335,690.153,AR
264,356409.909,4611570.652,689.123,AR
265,356426.691,4611570.053,690.156,AR
266,356442.135,4611568.236,691.150,AR
267,356451.895,4611563.356,700.156,AR
268,356460.951,4611555.917,690.153,AR
269,356467.006,4611546.995,689.123,AR
270,356472.511,4611533.576,690.156,AR
271,356474.502,4611511.683,691.150,AR
272,356475.462,4611480.684,700.156,AR
273,356478.688,4611368.245,690.153,AR
274,356479.147,4611306.742,689.123,AR
275,356478.685,4611258.248,690.156,AR
276,356479.148,4611203.578,691.150,AR
277,356479.608,4611153.866,700.156,AR
278,356479.150,4611094.265,690.153,AR
279,356477.717,4611052.809,689.123,AR
280,356477.254,4611010.244,690.156,AR
281,356476.796,4610992.847,691.150,AR
282,356325.694,4611577.339,700.156,MD I
283,356339.772,4611577.659,690.153,MD
284,356355.358,4611577.659,689.123,MD
285,356374.102,4611577.335,690.156,MD
286,356392.096,4611577.335,691.150,MD
287,356409.971,4611577.655,700.156,MD
288,356427.226,4611577.038,690.153,MD
289,356444.170,4611575.045,689.123,MD
290,356455.730,4611569.265,690.156,MD
291,356466.176,4611560.684,691.150,MD
292,356473.206,4611550.324,700.156,MD
293,356479.387,4611535.258,690.153,MD
294,356481.492,4611512.109,689.123,MD
295,356482.459,4611480.893,690.156,MD
296,356485.687,4611368.372,691.150,MD
297,356486.147,4611306.735,700.156,MD
298,356485.685,4611258.244,690.153,MD
299,356486.148,4611203.640,689.123,MD
300,356486.609,4611153.871,690.156,MD
301,356486.149,4611094.117,691.150,MD
302,356484.715,4611052.650,700.156,MD
303,356484.253,4611010.114,690.153,MD
304,356483.794,4610992.663,689.123,MD
305,356325.626,4611580.338,690.156,MD I
306,356339.738,4611580.659,691.150,MD
307,356355.384,4611580.659,700.156,MD
308,356374.128,4611580.335,690.153,MD
309,356392.070,4611580.335,689.123,MD
310,356409.998,4611580.656,690.156,MD
311,356427.455,4611580.032,691.150,MD
312,356445.042,4611577.963,700.156,MD
313,356457.373,4611571.798,690.153,MD
314,356468.415,4611562.728,689.123,MD
315,356475.863,4611551.751,690.156,MD
316,356482.334,4611535.979,691.150,MD
317,356484.487,4611512.291,700.156,MD
318,356485.458,4611480.983,690.153,MD
319,356488.687,4611368.426,689.123,MD
320,356489.147,4611306.732,690.156,MD
321,356488.685,4611258.243,691.150,MD
322,356489.148,4611203.666,700.156,MD
323,356489.609,4611153.873,690.153,MD
324,356489.149,4611094.053,689.123,MD
325,356487.715,4611052.582,690.156,MD
326,356487.253,4611010.058,691.150,MD
327,356486.793,4610992.584,700.156,MD
328,356325.467,4611587.336,690.153,AR I
329,356339.659,4611587.659,689.123,AR
330,356355.444,4611587.659,690.156,AR
331,356374.188,4611587.335,691.150,AR
332,356392.007,4611587.335,700.156,AR
333,356410.060,4611587.658,690.153,AR
334,356427.990,4611587.018,689.123,AR
335,356447.076,4611584.772,690.156,AR
336,356461.208,4611577.706,691.150,AR
337,356473.640,4611567.495,700.156,AR
338,356482.064,4611555.080,690.153,AR
339,356489.210,4611537.662,689.123,AR
340,356491.477,4611512.717,690.156,AR
341,356492.455,4611481.191,691.150,AR
342,356495.686,4611368.552,700.156,AR
343,356496.147,4611306.725,690.153,AR
344,356495.686,4611258.239,689.123,AR
345,356496.148,4611203.728,690.156,AR
346,356496.609,4611153.879,691.150,AR
347,356496.148,4611093.905,700.156,AR
348,356494.713,4611052.423,690.153,AR
349,356494.252,4611009.928,689.123,AR
350,356493.790,4610992.400,690.156,AR
351,356325.410,4611589.835,691.150,AC I
352,356339.630,4611590.159,700.156,AC 
353,356355.466,4611590.159,690.153,AC 
354,356374.210,4611589.835,689.123,AC 
355,356391.985,4611589.835,690.156,AC 
356,356410.083,4611590.159,691.150,AC 
357,356428.181,4611589.512,700.156,AC 
358,356447.803,4611587.204,690.153,AC 
359,356462.578,4611579.817,689.123,AC 
360,356475.506,4611569.197,690.156,AC 
361,356484.278,4611556.270,691.150,AC 
362,356491.665,4611538.263,700.156,AC 
363,356493.974,4611512.869,690.153,AC 
364,356494.954,4611481.266,689.123,AC 
365,356498.186,4611368.597,690.156,AC 
366,356498.648,4611306.722,691.150,AC 
367,356498.186,4611258.238,700.156,AC 
368,356498.648,4611203.751,690.153,AC 
369,356499.109,4611153.881,689.123,AC 
370,356498.648,4611093.853,690.156,AC 
371,356497.213,4611052.366,691.150,AC 
372,356496.751,4611009.882,700.156,AC 
373,356496.289,4610992.334,690.153,AC 
374,356193.172,4611564.000,689.123,AC I
375,356222.340,4611564.175,690.156,AC
376,356245.180,4611564.175,691.150,AC
377,356263.007,4611564.396,700.156,AC
378,356281.956,4611564.840,690.153,AC
379,356303.435,4611565.390,689.123,AC
380,356314.741,4611567.005,690.156,AC
381,355974.927,4611703.659,691.150,VA I
382,355996.904,4611685.884,700.156,VA
383,356020.173,4611654.858,690.153,VA
384,356041.503,4611627.388,689.123,VA
385,356041.180,4611618.985,690.156,VA
386,356030.515,4611600.563,691.150,VA
387,356043.765,4611599.594,700.156,VA
388,356074.468,4611601.210,690.153,VA
389,356107.109,4611600.563,689.123,VA
390,356136.842,4611600.563,690.156,VA
391,356168.514,4611598.301,691.150,VA
392,356191.461,4611595.392,700.156,VA
393,356215.376,4611604.118,690.153,VA
394,356218.285,4611628.357,689.123,VA
395,356218.285,4611664.554,690.156,VA
396,356218.285,4611709.153,691.150,VA
397,356218.285,4611755.045,700.156,VA
398,356216.669,4611778.638,690.153,VA
399,356199.540,4611778.315,689.123,VA
400,356146.215,4611778.315,690.156,VA
401,356110.664,4611776.375,691.150,VA
402,356082.871,4611774.760,700.156,VA
403,356043.119,4611773.144,690.153,VA
404,356020.173,4611767.650,689.123,VA
405,356010.801,4611757.631,690.156,VA
406,355995.611,4611734.685,691.150,VA
407,355982.684,4611721.434,700.156,VA
408,355977.189,4611711.416,690.153,VA
409,355975.574,4611705.598,689.123,VA
410,355975.228,4611649.767,690.156,P
411,355908.606,4611509.200,691.150,ARB
412,355925.737,4611556.000,700.156,ARB
413,355948.481,4611584.200,690.153,ARB
414,355987.050,4611593.300,689.123,ARB
415,356037.856,4611595.200,690.156,ARB
416,356086.918,4611596.200,691.150,ARB
417,356193.259,4611583.512,700.156,AC IC
418,356214.298,4611587.525,690.153,AC C
419,356225.632,4611604.044,689.123,AC C
420,356225.645,4611603.999,690.156,AC I
421,356225.666,4611623.690,691.150,AC
422,356225.725,4611656.492,700.156,AC
423,356225.776,4611685.815,690.153,AC
424,356225.827,4611714.456,689.123,AC
425,356225.863,4611734.573,690.156,AC
426,356225.863,4611758.099,691.150,AC
427,356225.904,4611757.889,700.156,AC
428,356228.145,4611603.996,690.153,AR I
429,356228.166,4611623.686,689.123,AR
430,356228.225,4611656.487,690.156,AR
431,356228.276,4611685.810,691.150,AR
432,356228.327,4611714.451,700.156,AR
433,356228.363,4611734.571,690.153,AR
434,356228.363,4611758.099,689.123,AR
435,356248.145,4611603.974,690.156,MD I
436,356248.166,4611623.657,691.150,MD
437,356248.225,4611656.452,700.156,MD
438,356248.276,4611685.775,690.153,MD
439,356248.327,4611714.416,689.123,MD
440,356248.363,4611734.554,690.156,MD
441,356248.363,4611758.099,691.150,MD
442,356253.145,4611603.969,700.156,MI I
443,356253.166,4611623.650,690.153,MI
444,356253.225,4611656.443,689.123,MI
445,356253.276,4611685.766,690.156,MI
446,356253.327,4611714.407,691.150,MI
447,356253.363,4611734.549,700.156,MI
448,356253.363,4611758.099,690.153,MI
449,356278.145,4611603.942,689.123,AR I
450,356278.166,4611623.614,690.156,AR
451,356278.225,4611656.399,691.150,AR
452,356278.276,4611685.721,700.156,AR
453,356278.327,4611714.363,690.153,AR
454,356278.363,4611734.527,689.123,AR
455,356278.363,4611758.099,690.156,AR
456,356280.645,4611603.939,691.150,AC I
457,356280.666,4611623.611,700.156,AC
458,356280.725,4611656.395,690.153,AC
459,356280.776,4611685.717,689.123,AC
460,356280.827,4611714.358,690.156,AC
461,356280.863,4611734.525,691.150,AC
462,356280.863,4611758.099,700.156,AC
463,355980.495,4611784.814,690.153,RI I
464,355949.770,4611758.569,689.123,RI
465,355915.204,4611734.885,690.156,RI
466,355888.320,4611711.202,691.150,RI
467,355860.796,4611697.119,700.156,RI
468,355835.191,4611677.276,690.153,RI
469,355817.269,4611652.312,689.123,RI
470,355787.824,4611633.749,690.156,RI
471,355748.778,4611595.343,691.150,RI
472,355725.094,4611558.857,700.156,RI
473,355661.724,4611531.333,690.153,RI
474,355648.281,4611487.806,689.123,RI
475,355650.842,4611461.562,690.156,RI
476,355626.518,4611418.675,691.150,RI
477,355594.513,4611372.587,700.156,RI
478,355595.793,4611314.978,690.153,RI
479,355580.080,4611286.908,689.123,TX 12 SAN
480,355591.312,4611266.330,690.156,RI
481,355586.832,4611228.564,691.150,RI
482,355584.911,4611188.238,700.156,RI
483,355585.551,4611157.513,690.153,RI
484,355575.950,4611118.466,689.123,RI
485,355575.310,4611079.420,690.156,RI
486,355542.664,4611061.497,691.150,RI
487,355536.913,4611087.822,700.156,P
488,355490.176,4611058.297,690.153,RI
489,355428.086,4611049.975,689.123,RI
490,355388.400,4611053.816,690.156,RI
491,355349.353,4611058.937,691.150,RI
492,355303.266,4611061.497,700.156,RI
493,355278.942,4611051.896,690.153,RI
494,355239.256,4611049.975,689.123,RI
495,355188.048,4611049.975,690.156,RI
496,355147.081,4611048.055,691.150,RI
497,355123.397,4611042.934,700.156,RI
498,355120.990,4611024.815,690.153,RI I
499,355154.913,4611026.095,689.123,RI
500,355181.156,4611026.095,690.156,RI
501,355210.599,4611024.175,691.150,RI
502,355239.402,4611023.535,700.156,RI
503,355279.726,4611027.375,690.153,RI
504,355302.128,4611028.655,689.123,RI
505,355340.532,4611028.655,690.156,RI
506,355382.776,4611030.575,691.150,RI
507,355415.419,4611032.495,700.156,RI
508,355457.023,4611033.135,690.153,RI
509,355496.707,4611034.416,689.123,RI
510,355524.230,4611037.616,690.156,RI
511,355550.473,4611038.896,691.150,RI
512,355581.196,4611044.017,700.156,RI
513,355592.077,4611054.898,690.153,RI
514,355599.118,4611074.100,689.123,RI
515,355601.038,4611088.181,690.156,RI
516,355607.439,4611129.785,691.150,RI
517,355616.400,4611157.308,700.156,RI
518,355617.680,4611180.990,690.153,RI
519,355618.320,4611218.114,689.123,RI
520,355619.600,4611250.117,690.156,RI
521,355622.800,4611284.041,691.150,RI
522,355622.800,4611309.643,700.156,RI
523,355629.201,4611330.765,690.153,RI
524,355634.321,4611346.127,689.123,RI
525,355646.367,4611360.624,690.156,RI
526,355658.017,4611387.508,691.150,RI
527,355686.245,4611423.801,700.156,RI
528,355698.343,4611459.198,690.153,RI
529,355740.012,4611500.868,689.123,RI
530,355768.688,4611551.499,690.156,RI
531,355794.228,4611598.994,691.150,RI
532,355836.346,4611635.287,700.156,RI
533,355881.152,4611653.657,690.153,RI
534,355914.309,4611675.612,689.123,RI
535,355965.772,4611711.842,690.156,RI
536,355991.377,4611746.407,691.150,RI
537,356015.700,4611770.731,700.156,RI
538,355616.874,4611052.153,690.153,VA I
539,355636.830,4611051.299,689.123,VA
540,355662.455,4611050.522,690.156,VA
541,355680.625,4611049.823,691.150,VA
542,355712.850,4611049.358,700.156,VA
543,355740.106,4611049.125,690.153,VA
544,355768.965,4611047.842,689.123,VA
545,355782.752,4611046.416,690.156,VA
546,355649.390,4611084.494,691.150,TX 5 SAN
547,355755.801,4611022.071,700.156,TX 8 SAN
548,355767.444,4611143.683,690.153,TX 12 SAN
549,355627.967,4611179.083,689.123,VA I
550,355652.907,4611177.644,690.156,VA
551,355694.891,4611174.634,691.150,VA
552,355735.449,4611171.941,700.156,VA
553,355767.293,4611170.357,690.153,VA
554,355794.226,4611168.772,689.123,VA
555,355800.052,4611168.320,690.156,VA
556,355650.684,4611240.390,691.150,P
557,355634.919,4611254.335,700.156,VA I
558,355645.490,4611253.726,690.153,VA
559,355652.867,4611253.460,689.123,VA
560,355686.582,4611253.327,690.156,VA
561,355727.311,4611252.034,691.150,VA
562,355751.555,4611242.337,700.156,VA
563,355778.708,4611241.044,690.153,VA
564,355797.493,4611237.940,689.123,VA
565,355807.971,4611236.621,690.156,VA
566,355812.624,4611235.926,691.150,VA
567,355824.031,4611007.000,700.156,PA I
568,355825.531,4611052.500,690.153,PA
569,355828.852,4611079.626,689.123,PA
570,355831.531,4611101.500,690.156,PA
571,355836.312,4611129.000,691.150,PA
572,355841.093,4611156.500,700.156,PA
573,355863.138,4611154.108,690.153,PA
574,355914.590,4611148.525,689.123,PA
575,355951.687,4611144.500,690.156,PA
576,355946.055,4611102.408,691.150,PA
577,355939.658,4611054.598,700.156,PA
578,355933.156,4611006.000,690.153,PA
579,355906.261,4611006.406,689.123,PA
580,355857.709,4611006.691,690.156,PA
581,355824.031,4611007.000,691.150,PA
582,355831.531,4611013.000,700.156,E I
583,355848.093,4611148.000,690.153,E
584,355895.281,4611143.000,689.123,E
585,355878.750,4611011.000,690.156,E
586,355831.531,4611013.000,691.150,E
587,355906.187,4611119.500,700.156,TR PI
588,355908.000,4611139.000,690.153,TR PI
589,355942.156,4611135.500,689.123,TR PI
590,355921.616,4611074.249,690.156,TC SAN
591,355922.707,4611079.158,691.150,TC SAN
592,355897.066,4611044.516,700.156,TC SAN
593,355900.612,4611047.244,690.153,TC SAN
594,355912.614,4611023.785,689.123,TC SAN
595,355906.341,4611027.877,690.156,TC SAN
596,355854.156,4611169.000,691.150,E I
597,355871.687,4611261.500,700.156,E
598,355911.968,4611254.500,690.153,E
599,355898.406,4611188.000,689.123,E
600,355947.000,4611182.000,690.156,E
601,355942.625,4611156.000,691.150,E
602,355854.156,4611169.000,700.156,E
603,355839.093,4611162.000,690.153,FA
604,355890.432,4611156.000,689.123,ARB
605,355874.593,4611271.000,690.156,VA I
606,355882.250,4611307.500,691.150,VA
607,355969.312,4611291.500,700.156,VA
608,355961.343,4611252.500,690.153,VA
609,355874.593,4611271.000,689.123,VA
610,355877.012,4611265.700,690.156,ARB
611,355895.593,4611262.200,691.150,ARB
612,355912.393,4611258.700,700.156,ARB
613,355939.937,4611252.700,690.153,ARB
614,355887.093,4611277.000,689.123,TR PI
615,355891.687,4611299.500,690.156,TR PI
616,355949.437,4611288.000,691.150,TR PI
617,355844.062,4611163.000,700.156,MU I
618,355908.168,4611155.676,690.153,MU
619,355953.468,4611150.500,689.123,MU
620,355973.788,4611256.115,690.156,MU
621,355981.750,4611297.500,691.150,MU
622,355927.023,4611307.091,700.156,MU
623,355876.187,4611316.000,690.153,MU
624,355856.195,4611242.182,689.123,MU
625,355851.406,4611224.500,690.156,MU
626,355848.440,4611199.667,691.150,MU
627,355844.062,4611163.500,700.156,MU
628,355919.531,4611417.500,690.153,VA I
629,355914.983,4611402.421,689.123,VA
630,355907.015,4611376.000,690.156,VA
631,355894.500,4611334.500,691.150,VA
632,355937.335,4611324.758,700.156,VA
633,355975.843,4611316.000,690.153,VA
634,355982.581,4611337.271,689.123,VA
635,355994.472,4611374.812,690.156,VA
636,356001.500,4611397.000,691.150,VA
637,355982.760,4611401.687,700.156,VA
638,355948.162,4611410.339,690.153,VA
639,355919.531,4611417.500,689.123,VA
640,355925.281,4611430.000,690.156,E I
641,355935.526,4611457.866,691.150,E
642,355955.062,4611511.000,700.156,E
643,355990.947,4611500.256,690.153,E
644,356035.218,4611487.000,689.123,E
645,356014.391,4611431.765,690.156,E
646,356006.750,4611411.500,691.150,E
647,355925.281,4611430.000,700.156,E
648,355879.781,4611324.500,690.153,VA I
649,355894.256,4611372.448,689.123,VA
650,355912.687,4611433.500,690.156,VA
651,355927.257,4611467.944,691.150,VA
652,355950.968,4611524.000,700.156,VA
653,355999.359,4611511.250,690.153,VA
654,356047.750,4611498.500,689.123,VA
655,356024.673,4611429.036,690.156,VA
656,355995.603,4611341.528,691.150,VA
657,355983.468,4611305.000,700.156,VA
658,355880.781,4611324.500,690.153,VA
659,355906.375,4611431.000,689.123,FA
660,355882.437,4611346.000,690.156,TC REG
661,355881.375,4611350.500,691.150,TC REG
662,355978.093,4611553.000,700.156,TC REG
663,355973.718,4611555.500,690.153,TC REG
664,355950.375,4611529.477,689.123,ARB
665,356005.081,4611555.500,690.156,ARB
666,356012.793,4611543.300,691.150,ARB
667,355996.300,4611536.000,700.156,ARB
668,355986.206,4611538.800,690.153,ARB
669,355988.581,4611550.700,689.123,ARB
670,355971.793,4611541.000,690.156,ARB
671,355957.500,4611540.500,691.150,ARB
672,355968.175,4611552.500,700.156,ARB
673,355956.074,4611567.345,690.153,ARB
674,356032.543,4611511.200,689.123,ARB
675,356022.012,4611522.200,690.156,ARB
676,356006.875,4611527.000,691.150,ARB
677,355995.218,4611521.231,700.156,ARB
678,356013.187,4611560.000,690.153,PA I
679,356059.000,4611559.492,689.123,PA
680,356137.991,4611558.615,690.156,PA
681,356193.343,4611558.000,691.150,PA
682,356192.593,4611537.264,700.156,PA
683,356191.281,4611501.000,690.153,PA
684,356158.508,4611500.648,689.123,PA
685,356099.152,4611500.011,690.156,PA
686,356051.625,4611499.500,691.150,PA
687,356034.797,4611525.986,700.156,PA
688,356013.187,4611559.000,690.153,PA
689,356013.187,4611560.000,690.153,PA
690,356055.014,4611504.104,689.123,ARB
691,356024.464,4611555.953,690.156,P
692,356050.781,4611542.500,691.150,TC SAN
693,356050.781,4611549.500,700.156,TC SAN
694,356117.000,4611542.000,690.153,TC REG
695,356116.812,4611548.000,689.123,TC REG
696,355790.880,4611009.500,690.156,ARB
697,355796.187,4611007.500,691.150,AC I
698,355798.684,4611007.376,700.156,AR I
699,355805.675,4611007.028,690.153,MD I
700,355807.658,4611015.843,689.123,FA
701,355797.656,4611037.000,690.156,AC
702,355800.154,4611036.895,691.150,AR
703,355807.148,4611036.602,700.156,MD
704,355798.218,4611053.500,690.153,AC
705,355800.714,4611053.320,689.123,AR
706,355795.575,4611061.000,691.150,ARB
707,355800.656,4611075.500,700.156,AC
708,355803.141,4611075.225,690.153,AR
709,355813.528,4611085.459,690.156,FA
710,355803.401,4611091.611,691.150,AC
711,355806.714,4611111.063,700.156,AC
712,355812.426,4611144.588,690.153,AC
713,355817.758,4611175.889,689.123,AC
714,355824.077,4611212.983,690.156,AC
715,355826.548,4611227.485,691.150,AC
716,355828.765,4611240.500,700.156,AC
717,355805.437,4611125.000,690.153,ARB
718,355817.815,4611198.435,689.123,ARB
719,355833.886,4611258.915,690.156,AC
720,355840.014,4611280.951,691.150,AC
721,355846.019,4611302.547,700.156,AC
722,355855.136,4611335.330,690.153,AC
723,355860.387,4611354.214,689.123,AC
724,355872.017,4611396.034,690.156,AC
725,355877.068,4611414.198,691.150,AC
726,355885.633,4611445.000,700.156,AC
727,355890.563,4611456.440,690.153,AC
728,355904.004,4611487.634,689.123,AC
729,355920.912,4611526.871,690.156,AC
730,355928.079,4611543.503,691.150,AC
731,355934.165,4611557.627,700.156,AC
732,355935.187,4611560.000,690.153,AC
733,355817.566,4611159.876,689.123,AR
734,355864.816,4611393.185,690.156,ARB
735,355822.666,4611189.809,690.156,AR
736,355881.450,4611449.700,691.150,ARB
737,355831.208,4611239.954,691.150,AR
738,355839.910,4611271.247,700.156,AR
739,355845.254,4611290.463,690.153,AR
740,355850.659,4611310.898,689.123,AR
741,355860.152,4611344.036,690.156,AR
742,355867.789,4611371.500,691.150,AR
743,355876.951,4611404.445,700.156,AR
744,355884.011,4611429.833,690.153,AR
745,355887.997,4611444.167,689.123,AR
746,355807.701,4611052.814,690.156,MD
747,355808.757,4611062.351,691.150,MD
748,355810.156,4611074.695,700.156,MD
749,355814.977,4611102.994,690.153,MD
750,355819.181,4611127.672,689.123,MD
751,355824.035,4611156.165,690.156,MD
752,355827.417,4611176.019,691.150,MD
753,355838.049,4611238.424,700.156,MD
754,355853.795,4611295.049,690.153,MD
755,355864.450,4611333.364,689.123,MD
756,355878.034,4611382.214,690.156,MD
757,355894.613,4611441.833,691.150,MD
758,355937.281,4611564.329,700.156,AC
759,355943.421,4611572.922,690.153,AC
760,355951.019,4611577.279,689.123,AC
761,355957.722,4611579.961,690.156,AC
762,355966.773,4611581.525,691.150,AC
763,355977.369,4611583.295,700.156,AC
764,355997.656,4611584.000,690.153,AC
765,356003.445,4611584.127,689.123,AC
766,356020.468,4611584.500,690.156,AC
767,356048.369,4611584.500,691.150,AC
768,356078.481,4611584.038,700.156,AC
769,356115.982,4611584.000,690.153,AC
770,356149.995,4611583.776,689.123,AC
771,356193.259,4611583.512,690.156,AC
772,355896.999,4611465.059,691.150,AR
773,355908.333,4611491.363,700.156,AR
774,355921.839,4611522.705,690.153,AR
775,355935.425,4611554.235,689.123,AR
776,355941.317,4611566.393,690.156,AR
777,355945.031,4611570.963,691.150,AR
778,355952.110,4611575.023,700.156,AR
779,355958.407,4611577.542,690.153,AR
780,355967.191,4611579.060,689.123,AR
781,355977.781,4611580.829,690.156,AR
782,355987.754,4611581.165,691.150,AR
783,356006.852,4611581.701,700.156,AR
784,356020.496,4611582.000,690.153,AR
785,356048.484,4611582.000,689.123,AR
786,356080.760,4611581.500,690.156,AR
787,356118.644,4611581.500,691.150,AR
788,356134.109,4611581.500,700.156,AR
789,356164.069,4611581.000,690.153,AR
790,356193.187,4611581.000,689.123,AR
791,355902.247,4611459.549,690.156,MD
792,355914.457,4611487.886,691.150,MD
793,355922.185,4611505.820,700.156,MD
794,355934.450,4611534.284,690.153,MD
795,355941.635,4611550.956,689.123,MD
796,355943.912,4611556.241,690.156,MD
797,355946.952,4611562.505,691.150,MD
798,355949.538,4611565.479,700.156,MD
799,355955.166,4611568.707,690.153,MD
800,355960.324,4611570.770,689.123,MD
801,355968.364,4611572.159,690.156,MD
802,355978.934,4611573.924,691.150,MD
803,355991.050,4611574.294,700.156,MD
804,356012.377,4611574.820,690.153,MD
805,356020.573,4611575.000,689.123,MD
806,356050.515,4611575.000,690.156,MD
807,356067.457,4611574.720,691.150,MD
808,356092.151,4611574.500,700.156,MD
809,356125.906,4611574.500,690.153,MD
810,356138.407,4611574.500,689.123,MD
811,356164.001,4611574.000,690.156,MD
812,356193.187,4611574.000,691.150,MD
813,356193.187,4611571.057,700.156,MD I
814,356178.640,4611571.000,690.153,MD
815,356175.165,4611571.000,689.123,MD
816,356163.971,4611571.000,690.156,MD
817,356145.780,4611571.356,691.150,MD
818,356125.906,4611571.500,700.156,MD
819,356104.890,4611571.500,690.153,MD
820,356080.677,4611571.500,689.123,MD
821,356050.490,4611572.000,690.156,MD
822,356020.605,4611572.000,691.150,MD
823,356010.930,4611571.788,700.156,MD
824,355998.004,4611571.505,690.153,MD
825,355991.039,4611571.302,689.123,MD
826,355979.428,4611570.965,690.156,MD
827,355968.867,4611569.202,691.150,MD
828,355961.146,4611567.867,700.156,MD
829,355956.476,4611565.999,690.153,MD
830,355951.470,4611563.128,689.123,MD
831,355949.477,4611560.836,690.156,MD
832,355946.667,4611555.054,691.150,MD
833,355946.234,4611554.049,700.156,MD
834,355935.965,4611530.218,690.153,MD
835,355924.327,4611503.208,689.123,MD
836,355916.643,4611485.378,690.156,MD
837,355904.669,4611457.590,691.150,MD
838,355897.449,4611440.833,700.156,MD
839,355885.530,4611397.971,690.153,MD
840,355877.229,4611368.123,689.123,MD
841,355868.852,4611337.999,690.156,MD
842,355863.026,4611317.049,691.150,MD
843,355858.141,4611299.479,700.156,MD
844,355853.056,4611281.194,690.153,MD
845,355846.221,4611256.614,689.123,MD
846,355840.980,4611237.769,690.156,MD
847,355837.011,4611214.474,691.150,MD
848,355833.153,4611191.825,700.156,MD
849,355829.768,4611171.956,690.153,MD
850,355826.105,4611150.451,689.123,MD
851,355821.676,4611124.456,690.156,MD
852,355817.800,4611101.703,691.150,MD
853,355812.978,4611073.204,700.156,MD
854,355810.695,4611052.598,690.153,MD
855,355810.145,4611036.476,689.123,MD
856,355808.672,4611006.879,690.156,MD
857,355815.663,4611006.530,691.150,AR I
858,355816.401,4611021.357,700.156,AR
859,355817.139,4611036.183,690.153,AR
860,355817.682,4611052.092,689.123,AR
861,355818.941,4611063.454,690.156,AR
862,355820.037,4611073.353,691.150,AR
863,355822.672,4611088.619,700.156,AR
864,355828.153,4611120.796,690.153,AR
865,355831.948,4611143.072,689.123,AR
866,355838.490,4611181.474,690.156,AR
867,355842.242,4611203.493,691.150,AR
868,355847.820,4611236.239,700.156,AR
869,355851.895,4611250.891,690.153,AR
870,355855.941,4611265.440,689.123,AR
871,355861.068,4611283.879,690.156,AR
872,355866.978,4611305.132,691.150,AR
873,355869.849,4611315.456,700.156,AR
874,355875.186,4611334.646,690.153,AR
875,355883.487,4611364.498,689.123,AR
876,355891.661,4611393.894,690.156,AR
877,355898.934,4611420.046,691.150,AR
878,355904.066,4611438.500,700.156,AR
879,355914.432,4611462.557,690.153,AR
880,355921.273,4611478.432,689.123,AR
881,355928.581,4611495.392,690.156,AR
882,355940.974,4611524.155,691.150,AR
883,355952.513,4611550.933,700.156,AR
884,355955.369,4611556.944,690.153,AR
885,355955.977,4611557.643,689.123,AR
886,355959.532,4611559.682,690.156,AR
887,355963.062,4611561.095,691.150,AR
888,355970.039,4611562.300,700.156,AR
889,355980.581,4611564.061,690.153,AR
890,355998.182,4611564.771,689.123,AR
891,356020.682,4611565.000,690.156,AR
892,356050.059,4611565.000,691.150,AR
893,356080.619,4611564.500,700.156,AR
894,356087.682,4611564.500,690.153,AR
895,356106.593,4611564.500,689.123,AR
896,356138.309,4611564.500,690.156,AR
897,356163.903,4611564.000,691.150,AR
898,356193.172,4611564.000,700.156,AR
899,356325.910,4611567.841,690.153,AC I
900,356315.290,4611564.559,689.123,AC
901,356303.645,4611562.895,690.156,AC
902,356282.017,4611562.340,691.150,AC
903,356263.052,4611561.897,700.156,AC
904,356245.195,4611561.675,690.153,AC
905,356222.348,4611561.675,689.123,AC
906,356193.187,4611561.500,690.156,AC
907,356163.878,4611561.500,691.150,AC
908,356138.285,4611562.000,700.156,AC
909,356104.890,4611562.000,690.153,AC
910,356050.411,4611562.500,689.123,AC
911,356020.709,4611562.500,690.156,AC
912,356018.072,4611562.442,691.150,AC
913,355998.241,4611562.008,700.156,AC
914,355980.993,4611561.595,690.153,AC
915,355970.458,4611559.836,689.123,AC
916,355963.747,4611558.676,690.156,AC
917,355960.624,4611557.426,691.150,AC
918,355957.529,4611555.618,700.156,AC
919,355953.478,4611546.854,690.153,AC
920,355942.193,4611520.664,689.123,AC
921,355930.092,4611492.582,690.156,AC
922,355913.782,4611454.731,691.150,AC
923,355906.429,4611437.666,700.156,AC
924,355901.506,4611419.964,690.153,AC
925,355893.460,4611391.031,689.123,AC
926,355885.240,4611361.469,690.156,AC
927,355874.082,4611321.346,691.150,AC
928,355864.052,4611285.278,700.156,AC
929,355853.283,4611246.552,690.153,AC
930,355850.263,4611235.693,689.123,AC
931,355846.904,4611215.976,690.156,AC
932,355844.146,4611199.786,691.150,AC
933,355840.580,4611178.853,700.156,AC
934,355833.945,4611139.905,690.153,AC
935,355829.348,4611112.922,689.123,AC
936,355824.731,4611085.820,690.156,AC
937,355822.343,4611071.461,691.150,AC
938,355820.177,4611051.912,700.156,AC
939,355819.637,4611036.078,690.153,AC
940,355818.160,4611006.406,689.123,AC
941,355826.532,4611162.978,700.156,FA
942,355842.302,4611247.660,690.153,FA
943,355880.247,4611384.777,689.123,FA
944,355897.259,4611444.794,690.156,FA
945,355927.325,4611514.533,691.150,FA
946,356034.647,4611574.110,700.156,FA
947,356087.562,4611569.500,690.153,TX 1 SAN
948,356121.683,4611573.104,689.123,FA
949,356087.562,4611569.500,690.156,TX 1 SAN
950,356195.777,4611615.442,690.156,M I
951,356155.777,4611615.442,690.156,M
952,356117.777,4611615.442,690.156,M
10000,356028.602,4611032.672,700.123,V 
10001,356434.251,4611022.203,700.987,V
10002,356429.017,4611413.459,705.565,V
10003,356251.055,4611399.065,708.663,V